5, 5
0.04, 0.04, 0.04, 0.04, 0.04, 0.04, 0.04, 0.04, 0.04, 0.04,0.04, 0.04, 0.04, 0.04, 0.04,0.04, 0.04, 0.04, 0.04, 0.04,0.04, 0.04, 0.04, 0.04, 0.04
0.00390625, 0.015625, 0.0234375, 0.015625, 0.00390625, 0.015625, 0.0625, 0.09375, 0.0625, 0.015625, 0.0234375, 0.09375, 0.140625, 0.09375, 0.0234375, 0.015625, 0.0625, 0.09375, 0.0625, 0.015625, 0.00390625, 0.015625, 0.0234375, 0.015625, 0.00390625
-0.00390625, -0.015625, -0.0234375, -0.015625, -0.00390625, -0.015625, -0.0625, -0.09375, -0.0625, -0.015625, -0.0234375, -0.09375, 1.859375, -0.09375, -0.0234375, -0.015625, -0.0625, -0.09375, -0.0625, -0.015625, -0.00390625, -0.015625, -0.0234375, -0.015625, -0.00390625
-0.2872767031239185,0.2828968248278221,0.4834851732048183,0.24668087665502925,0.1325078774433911,-0.3223033155005042,0.002769935444283167,-0.3121213788151187,0.0373534031313707,0.3701018951160514,-0.3784487340092366,-0.3963877389698044,-0.18224339133026324,-0.1610554491565518,-0.4717800665151143,-0.18961060838598542,0.04227866837136729,0.013548788496082431,0.37819191674835406,0.003171993519101468,-0.06122543740904807,0.2935036941289316,0.4870571841362913,0.08087517248832121,-0.3223269308253742
